106.339777 -6.764706
106.333111 -6.334778
106.456424 -6.743876
105.974838 -6.405599
106.210632 -6.510582
106.003166 -6.243126
106.144809 -6.573071
106.619730 -6.668055
106.592235 -6.548909
106.169805 -6.648892
107.026329 -6.558074
106.087319 -6.352275
106.378104 -6.602233
106.418930 -6.345609
106.225629 -6.137310
106.947175 -6.426429
106.422263 -6.522246
106.548909 -6.361440
106.059823 -6.628895
107.171305 -6.385602
106.408932 -6.432261
106.503916 -6.613064
106.642226 -6.251458
106.273954 -6.219797
106.782203 -6.735544
107.172971 -6.658057
106.067322 -6.220630
106.770538 -6.627229
106.160640 -6.433928
106.650558 -6.429762
106.918847 -7.219630
107.586236 -6.861356
107.505416 -6.950508
107.204633 -7.010498
107.331278 -7.328779
106.903849 -7.123813
108.316947 -7.009665
108.231128 -7.030495
108.321946 -7.277954
108.556907 -7.054658
106.858857 -7.320447
108.207799 -7.262956
107.157974 -7.282120
107.507082 -7.285452
108.574404 -6.971338
107.878687 -7.111315
108.557740 -7.277120
107.397934 -7.168805
107.220463 -7.118814
108.670222 -7.322946
107.196301 -6.913848
107.129645 -6.858857
108.391101 -7.222963
107.806199 -6.939677
107.006332 -7.096317
108.710215 -7.167139
106.782203 -7.332945
108.151975 -6.927179
106.911348 -6.968005
106.994668 -6.939677
112.304616 -8.028662
112.504583 -8.090318
112.597900 -8.046159
111.578070 -7.859523
112.479587 -8.189468
112.325446 -8.228629
113.107815 -8.077820
113.314448 -8.032828
112.758707 -8.248625
112.557907 -8.224463
113.146976 -7.821196
111.300617 -8.085319
112.075487 -7.964506
113.065322 -7.900350
112.944509 -8.099483
112.000500 -8.002833
113.162806 -8.221963
111.298950 -7.867022
112.230462 -8.229462
112.928679 -8.227795
112.657057 -7.957007
111.750542 -7.930345
111.728879 -8.203633
112.523746 -7.901183
112.263789 -7.916181
112.841193 -7.908682
111.448925 -8.085319
113.211131 -8.067822
112.383769 -7.979503
113.223629 -7.904516
110.170805 -7.566239
109.385102 -6.949675
110.573238 -7.046326
109.646726 -7.277120
111.282286 -6.926346
110.690718 -7.262123
110.895684 -7.466256
110.220797 -7.115481
110.793201 -7.003000
109.890852 -7.421263
110.039160 -7.492085
111.772205 -7.427095
111.524746 -7.088819
110.699050 -7.447925
109.602566 -6.958007
111.153974 -7.561240
110.914848 -7.247959
109.190135 -7.394601
109.133478 -7.102150
111.653058 -7.460423
110.863189 -7.077987
111.936344 -7.366272
109.295117 -7.387102
109.331778 -7.498750
111.238127 -7.084653
109.777537 -7.391268
109.274288 -7.308782
111.918014 -7.102150
109.195967 -7.534578
109.237627 -7.203799
112.092985 -7.274621
111.169805 -7.330445
110.431595 -7.026329
109.595067 -7.099650
110.112481 -7.073821
112.261290 -6.975504
109.627562 -7.471255
111.156474 -7.226296
109.573404 -7.257124
112.072155 -7.421263
111.177304 -6.837194
111.393101 -7.300450
109.795034 -6.970505
112.244626 -7.057990
111.887185 -7.538744
111.379770 -7.362940
111.693884 -7.037994
112.408765 -7.452091
111.325612 -7.038827
110.571571 -7.549575
112.208799 -7.222130
112.097150 -7.477920
111.161473 -7.017997
111.240627 -7.167139
111.043159 -7.471255
109.420097 -7.552075
111.954674 -7.565406
111.848859 -7.240460
109.791701 -7.302116
111.640560 -7.391268
114.155141 -8.290285
113.828529 -8.111148
113.681886 -7.977004
113.404433 -8.008665
113.692718 -7.847859
113.402766 -8.081153
114.158474 -7.972005
114.099317 -7.917847
113.909348 -8.229462
114.095984 -8.288619
113.699383 -8.303616
113.916014 -7.879520
113.958507 -8.205299
113.636061 -8.282786
114.151808 -8.193634
107.484586 -6.594734
107.877020 -6.565572
107.785369 -6.439760
108.135311 -6.446426
108.322780 -6.393101
108.259457 -6.460590
108.291951 -6.297284
107.529578 -6.456424
108.204466 -6.855524
107.437094 -6.446426
108.189468 -6.565572
107.654558 -6.463923
107.491251 -6.363939
108.299450 -6.544743
107.639560 -6.588069
110.287452 -7.837027
110.729045 -7.826196
110.646559 -7.936177
110.398267 -7.880353
110.449925 -7.843693
110.523246 -7.755374
110.874854 -7.897850
110.868189 -7.825362
110.694051 -8.059490
110.497417 -7.995334
112.193801 -7.388769
112.375437 -6.995501
112.494584 -6.973838
112.473754 -7.242126
112.384603 -7.282953
112.445426 -7.147975
112.552908 -7.058824
112.626229 -7.468755
112.338777 -7.211298
112.195467 -7.169638
