1608 2118
1600 1602
1748 2093
1170 1687
1453 1813
1204 1492
1374 1888
1944 2002
1911 1859
1404 1979
2432 1870
1305 1623
1654 1923
1703 1615
1471 1365
2337 1712
1707 1827
1859 1634
1272 1955
2606 1663
1691 1719
1805 1936
1971 1502
1529 1464
2139 2083
2608 1990
1281 1465
2125 1953
1393 1721
1981 1716
2303 2664
3104 2234
3007 2341
2646 2413
2798 2795
2285 2549
3981 2412
3878 2437
3987 2734
4269 2466
2231 2785
3850 2716
2590 2739
3009 2743
4290 2366
3455 2534
4270 2733
2878 2603
2665 2543
4405 2788
2636 2297
2556 2231
4070 2668
3368 2328
2408 2516
4453 2601
2139 2800
3783 2313
2294 2362
2394 2328
8767 3635
9007 3709
9119 3656
7895 3432
8977 3828
8792 3875
9731 3694
9979 3640
9312 3899
9071 3870
9778 3386
7562 3703
8492 3558
9680 3481
9535 3720
8402 3604
9797 3867
7560 3441
8678 3876
9516 3874
9190 3549
8102 3517
8076 3845
9030 3482
8718 3500
9411 3491
7740 3703
9855 3682
8862 3576
9870 3486
6206 3080
5263 2340
6689 2456
5577 2733
7540 2312
6830 2715
7076 2960
6266 2539
6953 2404
5870 2906
6048 2991
8128 2913
7831 2507
6840 2938
5524 2350
7386 3074
7099 2698
5029 2874
4961 2523
7985 2953
7037 2494
8325 2840
5155 2865
5199 2999
7487 2502
5734 2870
5130 2771
8303 2523
5036 3042
5086 2645
8513 2730
7405 2797
6519 2432
5515 2520
6136 2489
8715 2371
5554 2966
7389 2672
5489 2709
8488 2906
7414 2205
7673 2761
5755 2365
8695 2470
8266 3047
7657 2836
8034 2446
8892 2943
7592 2447
6687 3060
8652 2667
8518 2974
7395 2422
7490 2601
7253 2966
5305 3063
8347 3079
8220 2689
5751 2763
7970 2870
10988 3949
10596 3734
10420 3573
10087 3611
10433 3418
10085 3698
10992 3567
10921 3502
10693 3876
10917 3947
10441 3965
10701 3456
10752 3847
10365 3940
10984 3833
2982 1914
3453 1879
3343 1728
3763 1736
3988 1672
3912 1753
3951 1557
3036 1748
3846 2227
2925 1736
3828 1879
3186 1757
2990 1637
3960 1854
3168 1906
6346 3405
6876 3392
6777 3524
6479 3457
6541 3413
6629 3307
7051 3478
7043 3391
6834 3672
6598 3595
8634 2867
8852 2395
8995 2369
8970 2691
8863 2740
8936 2578
9065 2471
9153 2963
8808 2654
8636 2604
